0.00000000	1.00000000	0.80000000
0.05000000	1.03625000	0.64728125
0.10000000	1.06472812	0.48970789
0.15000000	1.08522079	0.32846172
0.20000000	1.09757430	0.16475209
0.25000000	1.10169600	-0.00019318
0.30000000	1.09755498	-0.16513700
0.35000000	1.08518230	-0.32884230
0.40000000	1.06467075	-0.49008128
0.45000000	1.03617417	-0.64764465
0.50000000	0.99990628	-0.80035068
0.55000000	0.95613910	-0.94705409
0.60000000	0.90520088	-1.08665458
0.65000000	0.84747364	-1.21810517
0.70000000	0.78339036	-1.34041997
0.75000000	0.71343165	-1.45268162
0.80000000	0.63812220	-1.55404816
0.85000000	0.55802683	-1.64375934
0.90000000	0.47374626	-1.72114232
0.95000000	0.38591260	-1.78561673
1.00000000	0.29518459	-1.83669902
1.05000000	0.20224270	-1.87400607
1.10000000	0.10778398	-1.89725807
1.15000000	0.01251689	-1.90628064
1.20000000	-0.08284408	-1.90100610
1.25000000	-0.17758372	-1.88147401
1.30000000	-0.27099148	-1.84783087
1.35000000	-0.36236681	-1.80032900
1.40000000	-0.45102438	-1.73932466
1.45000000	-0.53629927	-1.66527539
1.50000000	-0.61755192	-1.57873655
1.55000000	-0.69417293	-1.48035718
1.60000000	-0.76558764	-1.37087514
1.65000000	-0.83126044	-1.25111153
1.70000000	-0.89069879	-1.12196459
1.75000000	-0.94345690	-0.98440291
1.80000000	-0.98913908	-0.83945821
1.85000000	-1.02740272	-0.68821758
1.90000000	-1.05796084	-0.53181531
1.95000000	-1.08058425	-0.37142443
2.00000000	-1.09510329	-0.20824786
2.05000000	-1.10140904	-0.04350944
2.10000000	-1.09945423	0.12155531
2.15000000	-1.08925351	0.28570839
2.20000000	-1.07088339	0.44771865
2.25000000	-1.04448164	0.60637103
2.30000000	-1.01024629	0.76047563
2.35000000	-0.96843408	0.90887665
2.40000000	-0.91935862	1.05046111
2.45000000	-0.86338797	1.18416710
2.50000000	-0.80094191	1.30899184
2.55000000	-0.73248879	1.42399915
2.60000000	-0.65854200	1.52832645
2.65000000	-0.57965614	1.62119131
2.70000000	-0.49642287	1.70189724
2.75000000	-0.40946642	1.76983894
2.80000000	-0.31943897	1.82450684
2.85000000	-0.22701573	1.86549094
2.90000000	-0.13288988	1.89248386
2.95000000	-0.03776735	1.90528316
3.00000000	0.05763844	1.90379282
3.05000000	0.15261194	1.88802405
3.10000000	0.24644084	1.85809509
3.15000000	0.33842144	1.81423042
3.20000000	0.42786388	1.75675902
3.25000000	0.51409735	1.68611192
3.30000000	0.59647508	1.60281899
3.35000000	0.67437925	1.50750492
3.40000000	0.74722557	1.40088456
3.45000000	0.81446770	1.28375756
3.50000000	0.87560133	1.15700239
3.55000000	0.93016794	1.02156969
3.60000000	0.97775829	0.87847522
3.65000000	1.01801546	0.72879219
3.70000000	1.05063751	0.57364322
3.75000000	1.07537978	0.41419192
3.80000000	1.09205671	0.25163418
3.85000000	1.10054320	0.08718919
3.90000000	1.10077562	-0.07790972
3.95000000	1.09275223	-0.24242431
4.00000000	1.07653319	-0.40512072
4.05000000	1.05224016	-0.56477872
4.10000000	1.02005532	-0.72020088
4.15000000	0.98022007	-0.87022153
4.20000000	0.93303317	-1.01371553
4.25000000	0.87884852	-1.14960665
4.30000000	0.81807250	-1.27687573
4.35000000	0.75116094	-1.39456824
4.40000000	0.67861568	-1.50180148
4.45000000	0.60098080	-1.59777122
4.50000000	0.51883856	-1.68175767
4.55000000	0.43280503	-1.75313094
4.60000000	0.34352546	-1.81135573
4.65000000	0.25166946	-1.85599535
4.70000000	0.15792593	-1.88671500
4.75000000	0.06299796	-1.90328429
4.80000000	-0.03240250	-1.90557895
4.85000000	-0.12755994	-1.89358177
4.90000000	-0.22176068	-1.86738272
4.95000000	-0.31429821	-1.82717831
5.00000000	-0.40447851	-1.77327005
5.05000000	-0.49162522	-1.70606227
5.10000000	-0.57508474	-1.62605903
5.15000000	-0.65423112	-1.53386034
5.20000000	-0.72847077	-1.43015770
5.25000000	-0.79724689	-1.31572887
5.30000000	-0.86004366	-1.19143208
5.35000000	-0.91639010	-1.05819955
5.40000000	-0.96586361	-0.91703052
5.45000000	-1.00809315	-0.76898376
5.50000000	-1.04276199	-0.61516963
5.55000000	-1.06961011	-0.45674172
5.60000000	-1.08843616	-0.29488825
5.65000000	-1.09909894	-0.13082312
5.70000000	-1.10151847	0.03422319
5.75000000	-1.09567662	0.19901282
5.80000000	-1.08161719	0.36230985
5.85000000	-1.05944563	0.52288957
5.90000000	-1.02932823	0.67954761
5.95000000	-0.99149087	0.83110904
6.00000000	-0.94621733	0.97643715
6.05000000	-0.89384716	1.11444199
6.10000000	-0.83477313	1.24408851
6.15000000	-0.76943831	1.36440437
6.20000000	-0.69833269	1.47448719
6.25000000	-0.62198959	1.57351136
6.30000000	-0.54098156	1.66073420
6.35000000	-0.45591617	1.73550153
6.40000000	-0.36743140	1.79725260
6.45000000	-0.27619091	1.84552427
6.50000000	-0.18287898	1.87995451
6.55000000	-0.08819545	1.90028509
6.60000000	0.00714953	1.90636354
6.65000000	0.10244090	1.89814426
6.70000000	0.19696396	1.87568889
6.75000000	0.29000979	1.83916586
6.80000000	0.38088054	1.78884909
6.85000000	0.46889470	1.72511594
6.90000000	0.55339214	1.64844443
6.95000000	0.63373914	1.55940958
7.00000000	0.70933310	1.45867917
7.05000000	0.77960706	1.34700865
7.10000000	0.84403396	1.22523558
7.15000000	0.90213061	1.09427324
7.20000000	0.95346129	0.95510384
7.25000000	0.99764100	0.80877117
7.30000000	1.03433840	0.65637272
7.35000000	1.06327827	0.49905147
7.40000000	1.08424355	0.33798733
7.45000000	1.09707700	0.17438829
7.50000000	1.10168238	0.00948133
7.55000000	1.09802514	-0.15549673
7.60000000	1.08613271	-0.31930857
7.65000000	1.06609428	-0.48072559
7.70000000	1.03806015	-0.63853717
7.75000000	1.00224056	-0.79155973
7.80000000	0.95890417	-0.93864558
7.85000000	0.90837600	-1.07869160
7.90000000	0.85103501	-1.21064742
7.95000000	0.78731126	-1.33352339
8.00000000	0.71768268	-1.44639794
8.05000000	0.64267147	-1.54842450
8.10000000	0.56284023	-1.63883788
8.15000000	0.47878768	-1.71695997
8.20000000	0.39114423	-1.78220486
8.25000000	0.30056719	-1.83408322
8.30000000	0.20773591	-1.87220595
8.35000000	0.11334660	-1.89628714
8.40000000	0.01810719	-1.90614617
8.45000000	-0.07726802	-1.90170911
8.50000000	-0.17206372	-1.88300923
8.55000000	-0.26556894	-1.85018678
8.60000000	-0.35708240	-1.80348793
8.65000000	-0.44591773	-1.74326292
8.70000000	-0.53140869	-1.66996344
8.75000000	-0.61291408	-1.58413923
8.80000000	-0.68982261	-1.48643398
8.85000000	-0.76155748	-1.37758047
8.90000000	-0.82758066	-1.25839511
8.95000000	-0.88739699	-1.12977179
9.00000000	-0.94055784	-0.99267518
9.05000000	-0.98666451	-0.84813350
9.10000000	-1.02537119	-0.69723083
9.15000000	-1.05638759	-0.54109892
9.20000000	-1.07948108	-0.38090877
9.25000000	-1.09447846	-0.21786180
9.30000000	-1.10126726	-0.05318087
9.35000000	-1.09979655	0.11189891
9.40000000	-1.09007737	0.27613946
9.45000000	-1.07218261	0.43830896
9.50000000	-1.04624647	0.59719114
9.55000000	-1.01246349	0.75159438
9.60000000	-0.97108703	0.90036067
9.65000000	-0.92242742	1.04237426
9.70000000	-0.86684961	1.17657004
9.75000000	-0.80477042	1.30194154
9.80000000	-0.73665546	1.41754848
9.85000000	-0.66301557	1.52252381
9.90000000	-0.58440307	1.61608020
9.95000000	-0.50140755	1.69751600
10.00000000	-0.41465147	1.76622043
